 4489700  5322200  569.5
 4489750  5322200  580.3
 4489800  5322200  574.0
 4489850  5322200  573.2
 4489900  5322200  566.6
 4489950  5322200  550.4
 4489700  5322150  577.2
 4489750  5322150  582.3
 4489800  5322150  578.7
 4489850  5322150  573.1
 4489900  5322150  570.3
 4489950  5322150  566.2
 4489700  5322100  580.4
 4489750  5322100  581.2
 4489800  5322100  575.8
 4489850  5322100  571.2
 4489900  5322100  568.6
 4489950  5322100  564.4
 4489700  5322050  579.9
 4489750  5322050  576.5
 4489800  5322050  572.7
 4489850  5322050  571.2
 4489900  5322050  566.6
 4489950  5322050  563.5
 4489700  5322000  580.9
 4489750  5322000  575.5
 4489800  5322000  572.9
 4489850  5322000  570.5
 4489900  5322000  566.5
 4489950  5322000  562.9
 4489700  5321950  578.9
 4489750  5321950  574.4
 4489800  5321950  571.5
 4489850  5321950  568.9
 4489900  5321950  563.9
 4489950  5321950  561.9
 4489700  5321900  575.8
 4489750  5321900  572.6
 4489800  5321900  569.9
 4489850  5321900  562.0
 4489900  5321900  562.3
 4489950  5321900  556.2
 4489700  5321850  572.5
 4489750  5321850  567.5
 4489800  5321850  564.6
 4489850  5321850  568.6
 4489900  5321850  563.9
 4489950  5321850  561.5
 4489700  5321800  572.6
 4489750  5321800  568.6
 4489800  5321800  571.0
 4489850  5321800  567.9
 4489900  5321800  564.3
 4489950  5321800  561.0
 4489700  5321750  574.3
 4489750  5321750  571.8
 4489800  5321750  570.4
 4489850  5321750  567.0
 4489900  5321750  565.1
 4489950  5321750  561.8
 4489700  5321700  577.4
 4489750  5321700  573.3
 4489800  5321700  568.3
 4489850  5321700  565.0
 4489900  5321700  562.6
 4489950  5321700  560.4
 4489700  5321650  582.6
 4489750  5321650  576.0
 4489800  5321650  571.9
 4489850  5321650  567.4
 4489900  5321650  563.5
 4489950  5321650  556.1
 4489700  5321600  591.7
 4489750  5321600  580.8
 4489800  5321600  574.4
 4489850  5321600  569.0
 4489900  5321600  562.2
 4489950  5321600  557.5
 4489700  5321550  594.2
 4489750  5321550  585.0
 4489800  5321550  576.4
 4489850  5321550  571.1
 4489900  5321550  564.6
 4489950  5321550  563.4
 4489700  5321500  592.0
 4489750  5321500  589.5
 4489800  5321500  581.1
 4489850  5321500  575.1
 4489900  5321500  570.9
 4489950  5321500  566.8
 4489700  5321450  595.9
 4489750  5321450  591.3
 4489800  5321450  583.3
 4489850  5321450  579.6
 4489900  5321450  574.7
 4489950  5321450  569.8
 4489700  5321400  596.4
 4489750  5321400  590.8
 4489800  5321400  587.7
 4489850  5321400  582.7
 4489900  5321400  576.2
 4489950  5321400  570.7
 4489700  5321350  592.5
 4489750  5321350  590.3
 4489800  5321350  587.8
 4489850  5321350  583.9
 4489900  5321350  577.3
 4489950  5321350  572.8
 4489700  5321300  591.3
 4489750  5321300  585.6
 4489800  5321300  584.8
 4489850  5321300  582.2
 4489900  5321300  579.8
 4489950  5321300  575.6
 4489700  5321250  590.1
 4489750  5321250  585.0
 4489800  5321250  581.2
 4489850  5321250  579.2
 4489900  5321250  576.0
 4489950  5321250  572.5
 4489700  5321200  587.6
 4489750  5321200  585.7
 4489800  5321200  583.0
 4489850  5321200  584.3
 4489900  5321200  582.4
 4489950  5321200  574.1
 4489700  5321150  586.8
 4489750  5321150  588.9
 4489800  5321150  585.1
 4489850  5321150  585.3
 4489900  5321150  582.5
 4489950  5321150  575.9
 4489700  5321100  590.9
 4489750  5321100  590.0
 4489800  5321100  587.7
 4489850  5321100  580.5
 4489900  5321100  580.7
 4489950  5321100  576.8
 4489700  5321050  585.0
 4489750  5321050  589.0
 4489800  5321050  585.2
 4489850  5321050  583.6
 4489900  5321050  582.4
 4489950  5321050  577.4
 4489700  5321000  586.8
 4489750  5321000  584.8
 4489800  5321000  587.0
 4489850  5321000  587.8
 4489900  5321000  583.7
 4489950  5321000  581.9
 4489700  5320950  584.6
 4489750  5320950  584.7
 4489800  5320950  586.7
 4489850  5320950  586.7
 4489900  5320950  588.8
 4489950  5320950  587.1
 4489700  5320900  585.6
 4489750  5320900  584.6
 4489800  5320900  587.6
 4489850  5320900  585.6
 4489900  5320900  588.2
 4489950  5320900  590.1
 4489700  5320850  586.3
 4489750  5320850  584.7
 4489800  5320850  585.9
 4489850  5320850  588.4
 4489900  5320850  590.2
 4489950  5320850  590.0
 4489700  5320800  587.5
 4489750  5320800  585.2
 4489800  5320800  587.6
 4489850  5320800  589.3
 4489900  5320800  596.1
 4489950  5320800  597.5
 4489700  5320750  584.5
 4489750  5320750  588.5
 4489800  5320750  582.2
 4489850  5320750  586.4
 4489900  5320750  590.6
 4489950  5320750  592.1
 4489700  5320700  586.4
 4489750  5320700  586.7
 4489800  5320700  581.4
 4489850  5320700  583.1
 4489900  5320700  583.7
 4489950  5320700  586.3
 4489700  5320650  583.9
 4489750  5320650  581.0
 4489800  5320650  582.1
 4489850  5320650  586.6
 4489900  5320650  578.7
 4489950  5320650  579.9
 4489700  5320600  577.4
 4489750  5320600  576.8
 4489800  5320600  580.4
 4489850  5320600  580.1
 4489900  5320600  578.4
 4489950  5320600  577.5
 4489700  5320550  577.1
 4489750  5320550  577.4
 4489800  5320550  577.0
 4489850  5320550  576.9
 4489900  5320550  578.2
 4489950  5320550  577.4
 4489700  5320500  576.8
 4489750  5320500  576.9
 4489800  5320500  576.9
 4489850  5320500  576.9
 4489900  5320500  577.3
 4489950  5320500  577.6
 4489700  5320450  576.8
 4489750  5320450  576.8
 4489800  5320450  576.8
 4489850  5320450  576.8
 4489900  5320450  576.9
 4489950  5320450  576.9
 4489700  5320400  576.8
 4489750  5320400  576.7
 4489800  5320400  576.8
 4489850  5320400  576.8
 4489900  5320400  576.8
 4489950  5320400  576.7
 4489700  5320350  576.8
 4489750  5320350  576.7
 4489800  5320350  576.8
 4489850  5320350  576.8
 4489900  5320350  576.8
 4489950  5320350  576.6
 4489700  5320300  576.9
 4489750  5320300  576.7
 4489800  5320300  576.6
 4489850  5320300  576.7
 4489900  5320300  576.7
 4489950  5320300  576.5
 4489700  5320250  577.4
 4489750  5320250  577.0
 4489800  5320250  576.8
 4489850  5320250  576.6
 4489900  5320250  576.6
 4489950  5320250  576.5
 4489700  5320200  578.7
 4489750  5320200  580.4
 4489800  5320200  582.3
 4489850  5320200  578.6
 4489900  5320200  576.8
 4489950  5320200  576.7
 4490000  5322200  540.4
 4490050  5322200  539.8
 4490100  5322200  548.5
 4490150  5322200  563.3
 4490200  5322200  569.4
 4490250  5322200  576.2
 4490300  5322200  571.8
 4490350  5322200  564.0
 4490400  5322200  550.2
 4490450  5322200  551.2
 4490500  5322200  561.1
 4490550  5322200  562.2
 4490600  5322200  560.4
 4490650  5322200  558.4
 4490700  5322200  557.0
 4490750  5322200  559.1
 4490800  5322200  559.1
 4490850  5322200  556.2
 4490900  5322200  556.6
 4490950  5322200  557.6
 4491000  5322200  558.3
 4491050  5322200  550.1
 4491100  5322200  552.7
 4491150  5322200  562.2
 4491200  5322200  561.3
 4491250  5322200  562.2
 4491300  5322200  561.8
 4491350  5322200  561.3
 4491400  5322200  557.3
 4491450  5322200  554.1
 4491500  5322200  557.9
 4491550  5322200  554.4
 4491600  5322200  554.1
 4491650  5322200  554.1
 4490000  5322150  563.2
 4490050  5322150  538.3
 4490100  5322150  539.4
 4490150  5322150  561.4
 4490200  5322150  565.5
 4490250  5322150  564.7
 4490300  5322150  563.6
 4490350  5322150  562.8
 4490400  5322150  551.4
 4490450  5322150  543.1
 4490500  5322150  551.2
 4490550  5322150  556.5
 4490600  5322150  556.5
 4490650  5322150  556.2
 4490700  5322150  554.9
 4490750  5322150  555.7
 4490800  5322150  554.5
 4490850  5322150  552.8
 4490900  5322150  550.2
 4490950  5322150  550.4
 4491000  5322150  550.7
 4491050  5322150  544.9
 4491100  5322150  550.5
 4491150  5322150  551.5
 4491200  5322150  554.9
 4491250  5322150  555.0
 4491300  5322150  554.5
 4491350  5322150  554.0
 4491400  5322150  552.8
 4491450  5322150  551.0
 4491500  5322150  542.9
 4491550  5322150  541.1
 4491600  5322150  548.4
 4491650  5322150  550.1
 4490000  5322100  561.8
 4490050  5322100  536.5
 4490100  5322100  541.4
 4490150  5322100  563.4
 4490200  5322100  555.9
 4490250  5322100  556.0
 4490300  5322100  557.3
 4490350  5322100  560.5
 4490400  5322100  551.4
 4490450  5322100  541.6
 4490500  5322100  542.9
 4490550  5322100  550.5
 4490600  5322100  553.9
 4490650  5322100  553.0
 4490700  5322100  552.4
 4490750  5322100  552.4
 4490800  5322100  551.1
 4490850  5322100  549.9
 4490900  5322100  547.2
 4490950  5322100  543.9
 4491000  5322100  541.4
 4491050  5322100  539.8
 4491100  5322100  540.9
 4491150  5322100  543.6
 4491200  5322100  549.4
 4491250  5322100  551.8
 4491300  5322100  550.2
 4491350  5322100  549.9
 4491400  5322100  550.8
 4491450  5322100  550.4
 4491500  5322100  548.3
 4491550  5322100  539.7
 4491600  5322100  533.4
 4491650  5322100  548.5
 4490000  5322050  549.7
 4490050  5322050  535.6
 4490100  5322050  541.4
 4490150  5322050  556.9
 4490200  5322050  552.9
 4490250  5322050  546.9
 4490300  5322050  548.7
 4490350  5322050  555.8
 4490400  5322050  550.1
 4490450  5322050  540.1
 4490500  5322050  538.8
 4490550  5322050  545.6
 4490600  5322050  551.2
 4490650  5322050  550.3
 4490700  5322050  549.5
 4490750  5322050  548.8
 4490800  5322050  548.3
 4490850  5322050  547.7
 4490900  5322050  544.2
 4490950  5322050  542.0
 4491000  5322050  542.1
 4491050  5322050  542.1
 4491100  5322050  537.4
 4491150  5322050  537.0
 4491200  5322050  545.3
 4491250  5322050  547.8
 4491300  5322050  539.9
 4491350  5322050  542.9
 4491400  5322050  544.2
 4491450  5322050  544.5
 4491500  5322050  543.7
 4491550  5322050  543.8
 4491600  5322050  529.9
 4491650  5322050  544.3
 4490000  5322000  552.7
 4490050  5322000  535.3
 4490100  5322000  535.0
 4490150  5322000  542.5
 4490200  5322000  545.2
 4490250  5322000  541.1
 4490300  5322000  546.6
 4490350  5322000  544.9
 4490400  5322000  544.4
 4490450  5322000  538.1
 4490500  5322000  536.6
 4490550  5322000  541.9
 4490600  5322000  547.1
 4490650  5322000  548.9
 4490700  5322000  547.2
 4490750  5322000  546.6
 4490800  5322000  545.9
 4490850  5322000  546.4
 4490900  5322000  544.5
 4490950  5322000  545.9
 4491000  5322000  547.2
 4491050  5322000  542.6
 4491100  5322000  533.8
 4491150  5322000  533.0
 4491200  5322000  541.7
 4491250  5322000  541.0
 4491300  5322000  535.8
 4491350  5322000  532.8
 4491400  5322000  531.2
 4491450  5322000  528.6
 4491500  5322000  530.5
 4491550  5322000  533.0
 4491600  5322000  530.6
 4491650  5322000  530.5
 4490000  5321950  561.6
 4490050  5321950  537.9
 4490100  5321950  535.2
 4490150  5321950  532.3
 4490200  5321950  532.8
 4490250  5321950  534.0
 4490300  5321950  540.1
 4490350  5321950  534.8
 4490400  5321950  534.0
 4490450  5321950  536.0
 4490500  5321950  534.2
 4490550  5321950  535.1
 4490600  5321950  539.8
 4490650  5321950  541.6
 4490700  5321950  542.6
 4490750  5321950  543.1
 4490800  5321950  545.7
 4490850  5321950  545.7
 4490900  5321950  546.0
 4490950  5321950  546.7
 4491000  5321950  544.2
 4491050  5321950  540.0
 4491100  5321950  533.0
 4491150  5321950  530.6
 4491200  5321950  533.9
 4491250  5321950  530.6
 4491300  5321950  522.7
 4491350  5321950  522.6
 4491400  5321950  522.1
 4491450  5321950  523.1
 4491500  5321950  523.0
 4491550  5321950  523.7
 4491600  5321950  524.4
 4491650  5321950  525.8
 4490000  5321900  552.0
 4490050  5321900  556.7
 4490100  5321900  536.8
 4490150  5321900  534.2
 4490200  5321900  531.7
 4490250  5321900  529.8
 4490300  5321900  528.9
 4490350  5321900  529.0
 4490400  5321900  530.6
 4490450  5321900  531.9
 4490500  5321900  531.9
 4490550  5321900  530.7
 4490600  5321900  530.8
 4490650  5321900  532.8
 4490700  5321900  535.4
 4490750  5321900  536.8
 4490800  5321900  537.1
 4490850  5321900  540.4
 4490900  5321900  542.8
 4490950  5321900  543.3
 4491000  5321900  539.9
 4491050  5321900  537.1
 4491100  5321900  531.8
 4491150  5321900  529.0
 4491200  5321900  526.9
 4491250  5321900  524.9
 4491300  5321900  520.8
 4491350  5321900  518.7
 4491400  5321900  519.7
 4491450  5321900  521.1
 4491500  5321900  521.3
 4491550  5321900  521.5
 4491600  5321900  523.1
 4491650  5321900  524.6
 4490000  5321850  560.1
 4490050  5321850  545.3
 4490100  5321850  541.8
 4490150  5321850  536.2
 4490200  5321850  530.9
 4490250  5321850  529.6
 4490300  5321850  528.5
 4490350  5321850  528.2
 4490400  5321850  528.4
 4490450  5321850  528.7
 4490500  5321850  528.5
 4490550  5321850  528.2
 4490600  5321850  528.3
 4490650  5321850  527.6
 4490700  5321850  529.1
 4490750  5321850  530.8
 4490800  5321850  532.1
 4490850  5321850  534.4
 4490900  5321850  536.6
 4490950  5321850  537.6
 4491000  5321850  536.7
 4491050  5321850  534.4
 4491100  5321850  530.8
 4491150  5321850  526.1
 4491200  5321850  526.0
 4491250  5321850  523.1
 4491300  5321850  520.6
 4491350  5321850  518.4
 4491400  5321850  519.0
 4491450  5321850  520.4
 4491500  5321850  521.0
 4491550  5321850  521.4
 4491600  5321850  521.4
 4491650  5321850  522.4
 4490000  5321800  560.0
 4490050  5321800  559.9
 4490100  5321800  553.7
 4490150  5321800  540.9
 4490200  5321800  531.2
 4490250  5321800  528.9
 4490300  5321800  528.9
 4490350  5321800  528.0
 4490400  5321800  527.6
 4490450  5321800  527.0
 4490500  5321800  526.7
 4490550  5321800  526.6
 4490600  5321800  526.8
 4490650  5321800  526.9
 4490700  5321800  526.9
 4490750  5321800  527.0
 4490800  5321800  528.0
 4490850  5321800  529.0
 4490900  5321800  530.3
 4490950  5321800  531.8
 4491000  5321800  533.3
 4491050  5321800  533.1
 4491100  5321800  530.7
 4491150  5321800  525.2
 4491200  5321800  522.4
 4491250  5321800  522.7
 4491300  5321800  519.3
 4491350  5321800  517.8
 4491400  5321800  518.7
 4491450  5321800  519.2
 4491500  5321800  519.8
 4491550  5321800  519.5
 4491600  5321800  520.3
 4491650  5321800  520.7
 4490000  5321750  553.8
 4490050  5321750  553.2
 4490100  5321750  551.7
 4490150  5321750  545.6
 4490200  5321750  536.6
 4490250  5321750  530.7
 4490300  5321750  528.8
 4490350  5321750  528.4
 4490400  5321750  527.1
 4490450  5321750  526.6
 4490500  5321750  526.6
 4490550  5321750  526.3
 4490600  5321750  526.3
 4490650  5321750  526.8
 4490700  5321750  527.0
 4490750  5321750  527.3
 4490800  5321750  527.6
 4490850  5321750  528.3
 4490900  5321750  527.5
 4490950  5321750  528.1
 4491000  5321750  528.6
 4491050  5321750  527.9
 4491100  5321750  526.6
 4491150  5321750  522.5
 4491200  5321750  522.1
 4491250  5321750  520.9
 4491300  5321750  518.2
 4491350  5321750  517.4
 4491400  5321750  517.4
 4491450  5321750  517.9
 4491500  5321750  519.0
 4491550  5321750  517.3
 4491600  5321750  519.0
 4491650  5321750  518.5
 4490000  5321700  553.0
 4490050  5321700  547.5
 4490100  5321700  545.0
 4490150  5321700  541.3
 4490200  5321700  534.0
 4490250  5321700  532.1
 4490300  5321700  529.7
 4490350  5321700  527.4
 4490400  5321700  526.6
 4490450  5321700  527.1
 4490500  5321700  526.3
 4490550  5321700  526.3
 4490600  5321700  526.0
 4490650  5321700  526.6
 4490700  5321700  527.6
 4490750  5321700  526.4
 4490800  5321700  526.9
 4490850  5321700  526.1
 4490900  5321700  525.0
 4490950  5321700  524.7
 4491000  5321700  522.8
 4491050  5321700  521.4
 4491100  5321700  520.1
 4491150  5321700  519.9
 4491200  5321700  519.3
 4491250  5321700  518.8
 4491300  5321700  517.9
 4491350  5321700  517.5
 4491400  5321700  517.2
 4491450  5321700  517.0
 4491500  5321700  516.5
 4491550  5321700  516.8
 4491600  5321700  516.1
 4491650  5321700  515.7
 4490000  5321650  549.2
 4490050  5321650  545.2
 4490100  5321650  541.3
 4490150  5321650  537.4
 4490200  5321650  536.7
 4490250  5321650  537.2
 4490300  5321650  536.7
 4490350  5321650  532.6
 4490400  5321650  528.2
 4490450  5321650  527.6
 4490500  5321650  526.3
 4490550  5321650  526.4
 4490600  5321650  526.3
 4490650  5321650  526.7
 4490700  5321650  526.1
 4490750  5321650  526.6
 4490800  5321650  526.7
 4490850  5321650  525.8
 4490900  5321650  522.8
 4490950  5321650  524.0
 4491000  5321650  522.3
 4491050  5321650  521.0
 4491100  5321650  520.2
 4491150  5321650  519.4
 4491200  5321650  518.7
 4491250  5321650  518.2
 4491300  5321650  517.7
 4491350  5321650  517.4
 4491400  5321650  517.4
 4491450  5321650  517.0
 4491500  5321650  516.9
 4491550  5321650  515.9
 4491600  5321650  514.7
 4491650  5321650  514.0
 4490000  5321600  554.1
 4490050  5321600  546.8
 4490100  5321600  541.5
 4490150  5321600  538.5
 4490200  5321600  542.2
 4490250  5321600  544.6
 4490300  5321600  545.6
 4490350  5321600  542.9
 4490400  5321600  538.9
 4490450  5321600  536.0
 4490500  5321600  533.3
 4490550  5321600  528.4
 4490600  5321600  525.2
 4490650  5321600  525.5
 4490700  5321600  526.5
 4490750  5321600  527.3
 4490800  5321600  526.4
 4490850  5321600  526.2
 4490900  5321600  522.4
 4490950  5321600  524.8
 4491000  5321600  522.5
 4491050  5321600  521.0
 4491100  5321600  520.6
 4491150  5321600  519.5
 4491200  5321600  518.7
 4491250  5321600  517.9
 4491300  5321600  517.5
 4491350  5321600  517.1
 4491400  5321600  517.8
 4491450  5321600  516.1
 4491500  5321600  515.7
 4491550  5321600  515.3
 4491600  5321600  514.9
 4491650  5321600  514.5
 4490000  5321550  559.1
 4490050  5321550  552.9
 4490100  5321550  545.0
 4490150  5321550  542.0
 4490200  5321550  547.7
 4490250  5321550  552.7
 4490300  5321550  556.0
 4490350  5321550  555.0
 4490400  5321550  551.0
 4490450  5321550  548.8
 4490500  5321550  544.6
 4490550  5321550  539.4
 4490600  5321550  532.7
 4490650  5321550  526.5
 4490700  5321550  525.3
 4490750  5321550  526.6
 4490800  5321550  526.6
 4490850  5321550  526.6
 4490900  5321550  524.0
 4490950  5321550  521.7
 4491000  5321550  522.1
 4491050  5321550  521.0
 4491100  5321550  520.2
 4491150  5321550  519.6
 4491200  5321550  519.1
 4491250  5321550  518.0
 4491300  5321550  517.8
 4491350  5321550  517.9
 4491400  5321550  516.3
 4491450  5321550  516.2
 4491500  5321550  515.7
 4491550  5321550  515.3
 4491600  5321550  514.8
 4491650  5321550  514.4
 4490000  5321500  561.4
 4490050  5321500  557.4
 4490100  5321500  550.2
 4490150  5321500  545.7
 4490200  5321500  549.3
 4490250  5321500  558.3
 4490300  5321500  562.4
 4490350  5321500  558.5
 4490400  5321500  555.3
 4490450  5321500  552.3
 4490500  5321500  550.9
 4490550  5321500  549.1
 4490600  5321500  541.0
 4490650  5321500  531.1
 4490700  5321500  526.1
 4490750  5321500  527.0
 4490800  5321500  526.8
 4490850  5321500  525.9
 4490900  5321500  524.7
 4490950  5321500  523.1
 4491000  5321500  519.6
 4491050  5321500  520.5
 4491100  5321500  520.0
 4491150  5321500  519.6
 4491200  5321500  519.1
 4491250  5321500  518.0
 4491300  5321500  517.8
 4491350  5321500  517.0
 4491400  5321500  516.1
 4491450  5321500  515.9
 4491500  5321500  515.5
 4491550  5321500  515.3
 4491600  5321500  515.1
 4491650  5321500  518.3
 4490000  5321450  563.1
 4490050  5321450  556.0
 4490100  5321450  550.4
 4490150  5321450  551.1
 4490200  5321450  553.7
 4490250  5321450  556.8
 4490300  5321450  557.1
 4490350  5321450  555.5
 4490400  5321450  554.5
 4490450  5321450  553.7
 4490500  5321450  550.6
 4490550  5321450  544.8
 4490600  5321450  534.4
 4490650  5321450  529.6
 4490700  5321450  526.9
 4490750  5321450  526.9
 4490800  5321450  526.6
 4490850  5321450  525.2
 4490900  5321450  523.9
 4490950  5321450  522.5
 4491000  5321450  520.5
 4491050  5321450  520.0
 4491100  5321450  519.2
 4491150  5321450  518.8
 4491200  5321450  518.2
 4491250  5321450  517.8
 4491300  5321450  517.2
 4491350  5321450  516.8
 4491400  5321450  516.2
 4491450  5321450  515.8
 4491500  5321450  515.6
 4491550  5321450  515.5
 4491600  5321450  521.6
 4491650  5321450  526.8
 4490000  5321400  563.8
 4490050  5321400  561.9
 4490100  5321400  557.1
 4490150  5321400  557.1
 4490200  5321400  555.5
 4490250  5321400  560.3
 4490300  5321400  558.6
 4490350  5321400  555.9
 4490400  5321400  553.7
 4490450  5321400  549.8
 4490500  5321400  544.0
 4490550  5321400  536.6
 4490600  5321400  529.7
 4490650  5321400  527.4
 4490700  5321400  526.6
 4490750  5321400  527.0
 4490800  5321400  526.4
 4490850  5321400  524.6
 4490900  5321400  522.0
 4490950  5321400  520.8
 4491000  5321400  520.1
 4491050  5321400  519.7
 4491100  5321400  519.1
 4491150  5321400  518.6
 4491200  5321400  518.3
 4491250  5321400  517.7
 4491300  5321400  517.3
 4491350  5321400  516.8
 4491400  5321400  516.3
 4491450  5321400  516.1
 4491500  5321400  517.0
 4491550  5321400  520.4
 4491600  5321400  527.0
 4491650  5321400  532.5
 4490000  5321350  568.4
 4490050  5321350  563.0
 4490100  5321350  559.1
 4490150  5321350  558.3
 4490200  5321350  558.1
 4490250  5321350  561.4
 4490300  5321350  556.8
 4490350  5321350  554.1
 4490400  5321350  553.5
 4490450  5321350  543.5
 4490500  5321350  537.8
 4490550  5321350  531.2
 4490600  5321350  527.3
 4490650  5321350  526.7
 4490700  5321350  526.6
 4490750  5321350  526.0
 4490800  5321350  524.9
 4490850  5321350  522.9
 4490900  5321350  521.0
 4490950  5321350  520.1
 4491000  5321350  519.5
 4491050  5321350  519.2
 4491100  5321350  518.7
 4491150  5321350  518.3
 4491200  5321350  517.8
 4491250  5321350  517.4
 4491300  5321350  517.0
 4491350  5321350  516.5
 4491400  5321350  516.3
 4491450  5321350  519.7
 4491500  5321350  523.4
 4491550  5321350  528.3
 4491600  5321350  538.7
 4491650  5321350  538.6
 4490000  5321300  570.9
 4490050  5321300  565.4
 4490100  5321300  562.5
 4490150  5321300  559.8
 4490200  5321300  556.5
 4490250  5321300  554.2
 4490300  5321300  557.0
 4490350  5321300  551.4
 4490400  5321300  547.2
 4490450  5321300  541.2
 4490500  5321300  533.9
 4490550  5321300  526.3
 4490600  5321300  524.0
 4490650  5321300  524.6
 4490700  5321300  525.0
 4490750  5321300  523.2
 4490800  5321300  522.3
 4490850  5321300  521.1
 4490900  5321300  519.9
 4490950  5321300  519.4
 4491000  5321300  519.2
 4491050  5321300  518.8
 4491100  5321300  518.9
 4491150  5321300  518.0
 4491200  5321300  517.6
 4491250  5321300  517.2
 4491300  5321300  516.9
 4491350  5321300  518.4
 4491400  5321300  522.7
 4491450  5321300  526.5
 4491500  5321300  531.5
 4491550  5321300  538.4
 4491600  5321300  538.1
 4491650  5321300  537.4
 4490000  5321250  563.8
 4490050  5321250  562.3
 4490100  5321250  563.6
 4490150  5321250  559.4
 4490200  5321250  558.5
 4490250  5321250  547.4
 4490300  5321250  555.4
 4490350  5321250  553.7
 4490400  5321250  546.4
 4490450  5321250  539.0
 4490500  5321250  529.2
 4490550  5321250  525.6
 4490600  5321250  522.8
 4490650  5321250  522.0
 4490700  5321250  522.1
 4490750  5321250  520.7
 4490800  5321250  520.4
 4490850  5321250  519.8
 4490900  5321250  519.3
 4490950  5321250  519.0
 4491000  5321250  518.6
 4491050  5321250  518.3
 4491100  5321250  518.3
 4491150  5321250  518.6
 4491200  5321250  517.5
 4491250  5321250  517.8
 4491300  5321250  519.1
 4491350  5321250  524.2
 4491400  5321250  529.0
 4491450  5321250  538.2
 4491500  5321250  539.2
 4491550  5321250  537.4
 4491600  5321250  537.6
 4491650  5321250  537.5
 4490000  5321200  568.9
 4490050  5321200  569.7
 4490100  5321200  567.2
 4490150  5321200  566.7
 4490200  5321200  561.5
 4490250  5321200  554.6
 4490300  5321200  543.7
 4490350  5321200  541.8
 4490400  5321200  539.7
 4490450  5321200  534.1
 4490500  5321200  530.1
 4490550  5321200  527.2
 4490600  5321200  523.5
 4490650  5321200  521.2
 4490700  5321200  521.2
 4490750  5321200  519.8
 4490800  5321200  519.5
 4490850  5321200  519.0
 4490900  5321200  518.7
 4490950  5321200  518.5
 4491000  5321200  518.2
 4491050  5321200  518.3
 4491100  5321200  517.8
 4491150  5321200  517.7
 4491200  5321200  522.2
 4491250  5321200  526.7
 4491300  5321200  529.3
 4491350  5321200  530.3
 4491400  5321200  534.1
 4491450  5321200  539.3
 4491500  5321200  539.7
 4491550  5321200  539.3
 4491600  5321200  539.0
 4491650  5321200  540.1
 4490000  5321150  574.4
 4490050  5321150  574.2
 4490100  5321150  573.0
 4490150  5321150  572.6
 4490200  5321150  566.9
 4490250  5321150  555.4
 4490300  5321150  552.1
 4490350  5321150  547.7
 4490400  5321150  540.3
 4490450  5321150  538.6
 4490500  5321150  533.3
 4490550  5321150  526.6
 4490600  5321150  523.2
 4490650  5321150  521.6
 4490700  5321150  520.4
 4490750  5321150  518.8
 4490800  5321150  518.8
 4490850  5321150  518.5
 4490900  5321150  518.3
 4490950  5321150  518.2
 4491000  5321150  518.1
 4491050  5321150  518.6
 4491100  5321150  519.5
 4491150  5321150  523.7
 4491200  5321150  535.8
 4491250  5321150  530.2
 4491300  5321150  531.5
 4491350  5321150  538.1
 4491400  5321150  539.4
 4491450  5321150  538.3
 4491500  5321150  540.2
 4491550  5321150  539.8
 4491600  5321150  537.5
 4491650  5321150  537.3
 4490000  5321100  577.6
 4490050  5321100  573.1
 4490100  5321100  569.2
 4490150  5321100  566.9
 4490200  5321100  566.5
 4490250  5321100  563.9
 4490300  5321100  558.2
 4490350  5321100  548.9
 4490400  5321100  544.0
 4490450  5321100  545.1
 4490500  5321100  535.4
 4490550  5321100  526.0
 4490600  5321100  523.7
 4490650  5321100  521.9
 4490700  5321100  520.2
 4490750  5321100  519.0
 4490800  5321100  518.2
 4490850  5321100  518.3
 4490900  5321100  518.0
 4490950  5321100  518.0
 4491000  5321100  520.0
 4491050  5321100  522.8
 4491100  5321100  526.5
 4491150  5321100  535.5
 4491200  5321100  539.8
 4491250  5321100  538.2
 4491300  5321100  540.6
 4491350  5321100  538.6
 4491400  5321100  535.7
 4491450  5321100  537.8
 4491500  5321100  539.6
 4491550  5321100  538.8
 4491600  5321100  536.8
 4491650  5321100  533.9
 4490000  5321050  579.0
 4490050  5321050  579.9
 4490100  5321050  574.7
 4490150  5321050  573.8
 4490200  5321050  570.9
 4490250  5321050  570.5
 4490300  5321050  565.5
 4490350  5321050  553.5
 4490400  5321050  542.0
 4490450  5321050  536.8
 4490500  5321050  534.5
 4490550  5321050  525.0
 4490600  5321050  523.3
 4490650  5321050  522.9
 4490700  5321050  519.0
 4490750  5321050  518.4
 4490800  5321050  518.1
 4490850  5321050  518.2
 4490900  5321050  518.1
 4490950  5321050  520.4
 4491000  5321050  523.5
 4491050  5321050  528.7
 4491100  5321050  533.9
 4491150  5321050  539.7
 4491200  5321050  542.9
 4491250  5321050  540.0
 4491300  5321050  536.8
 4491350  5321050  538.6
 4491400  5321050  537.6
 4491450  5321050  539.1
 4491500  5321050  536.7
 4491550  5321050  532.9
 4491600  5321050  539.6
 4491650  5321050  543.9
 4490000  5321000  581.4
 4490050  5321000  578.3
 4490100  5321000  580.8
 4490150  5321000  577.0
 4490200  5321000  575.1
 4490250  5321000  572.8
 4490300  5321000  568.4
 4490350  5321000  554.8
 4490400  5321000  543.8
 4490450  5321000  533.8
 4490500  5321000  529.9
 4490550  5321000  525.9
 4490600  5321000  525.6
 4490650  5321000  521.3
 4490700  5321000  519.4
 4490750  5321000  518.4
 4490800  5321000  518.2
 4490850  5321000  518.5
 4490900  5321000  519.6
 4490950  5321000  523.2
 4491000  5321000  527.8
 4491050  5321000  533.3
 4491100  5321000  537.3
 4491150  5321000  541.7
 4491200  5321000  543.9
 4491250  5321000  543.6
 4491300  5321000  543.0
 4491350  5321000  538.8
 4491400  5321000  539.6
 4491450  5321000  539.3
 4491500  5321000  534.4
 4491550  5321000  533.6
 4491600  5321000  532.2
 4491650  5321000  530.0
 4490000  5320950  583.8
 4490050  5320950  582.7
 4490100  5320950  586.0
 4490150  5320950  580.9
 4490200  5320950  575.3
 4490250  5320950  575.5
 4490300  5320950  571.2
 4490350  5320950  557.1
 4490400  5320950  550.1
 4490450  5320950  538.3
 4490500  5320950  532.4
 4490550  5320950  525.7
 4490600  5320950  525.0
 4490650  5320950  519.6
 4490700  5320950  518.9
 4490750  5320950  518.5
 4490800  5320950  518.4
 4490850  5320950  519.8
 4490900  5320950  522.3
 4490950  5320950  528.7
 4491000  5320950  536.3
 4491050  5320950  537.6
 4491100  5320950  538.6
 4491150  5320950  544.1
 4491200  5320950  544.7
 4491250  5320950  544.6
 4491300  5320950  544.3
 4491350  5320950  539.4
 4491400  5320950  537.7
 4491450  5320950  538.9
 4491500  5320950  534.9
 4491550  5320950  533.0
 4491600  5320950  530.6
 4491650  5320950  529.7
 4490000  5320900  586.4
 4490050  5320900  585.1
 4490100  5320900  589.7
 4490150  5320900  588.1
 4490200  5320900  585.5
 4490250  5320900  580.1
 4490300  5320900  575.1
 4490350  5320900  565.2
 4490400  5320900  555.8
 4490450  5320900  546.6
 4490500  5320900  545.4
 4490550  5320900  529.1
 4490600  5320900  521.7
 4490650  5320900  519.5
 4490700  5320900  519.0
 4490750  5320900  518.6
 4490800  5320900  519.5
 4490850  5320900  522.4
 4490900  5320900  527.7
 4490950  5320900  534.5
 4491000  5320900  545.0
 4491050  5320900  544.5
 4491100  5320900  541.8
 4491150  5320900  541.0
 4491200  5320900  542.2
 4491250  5320900  543.0
 4491300  5320900  544.4
 4491350  5320900  545.6
 4491400  5320900  543.6
 4491450  5320900  529.5
 4491500  5320900  525.2
 4491550  5320900  525.5
 4491600  5320900  525.1
 4491650  5320900  530.5
 4490000  5320850  592.1
 4490050  5320850  593.4
 4490100  5320850  592.2
 4490150  5320850  592.8
 4490200  5320850  593.6
 4490250  5320850  588.5
 4490300  5320850  581.1
 4490350  5320850  568.2
 4490400  5320850  561.8
 4490450  5320850  558.5
 4490500  5320850  554.8
 4490550  5320850  531.8
 4490600  5320850  523.9
 4490650  5320850  519.7
 4490700  5320850  519.1
 4490750  5320850  519.4
 4490800  5320850  522.1
 4490850  5320850  525.2
 4490900  5320850  531.3
 4490950  5320850  539.1
 4491000  5320850  545.9
 4491050  5320850  545.8
 4491100  5320850  542.4
 4491150  5320850  541.7
 4491200  5320850  541.6
 4491250  5320850  542.5
 4491300  5320850  543.6
 4491350  5320850  546.8
 4491400  5320850  546.9
 4491450  5320850  544.6
 4491500  5320850  533.5
 4491550  5320850  524.7
 4491600  5320850  526.0
 4491650  5320850  528.1
 4490000  5320800  598.9
 4490050  5320800  603.4
 4490100  5320800  601.1
 4490150  5320800  599.2
 4490200  5320800  600.5
 4490250  5320800  594.5
 4490300  5320800  585.7
 4490350  5320800  576.2
 4490400  5320800  566.3
 4490450  5320800  557.3
 4490500  5320800  547.0
 4490550  5320800  533.2
 4490600  5320800  524.7
 4490650  5320800  519.7
 4490700  5320800  519.0
 4490750  5320800  520.1
 4490800  5320800  524.7
 4490850  5320800  533.0
 4490900  5320800  537.1
 4490950  5320800  542.8
 4491000  5320800  546.3
 4491050  5320800  545.2
 4491100  5320800  546.1
 4491150  5320800  544.6
 4491200  5320800  545.5
 4491250  5320800  546.5
 4491300  5320800  543.5
 4491350  5320800  545.9
 4491400  5320800  547.9
 4491450  5320800  547.3
 4491500  5320800  546.9
 4491550  5320800  536.6
 4491600  5320800  528.0
 4491650  5320800  527.9
 4490000  5320750  595.0
 4490050  5320750  597.2
 4490100  5320750  602.5
 4490150  5320750  604.7
 4490200  5320750  601.0
 4490250  5320750  596.1
 4490300  5320750  590.3
 4490350  5320750  584.7
 4490400  5320750  573.3
 4490450  5320750  562.3
 4490500  5320750  551.4
 4490550  5320750  533.2
 4490600  5320750  523.3
 4490650  5320750  519.8
 4490700  5320750  518.8
 4490750  5320750  520.6
 4490800  5320750  527.0
 4490850  5320750  536.8
 4490900  5320750  540.0
 4490950  5320750  543.2
 4491000  5320750  546.3
 4491050  5320750  548.1
 4491100  5320750  548.1
 4491150  5320750  548.0
 4491200  5320750  548.1
 4491250  5320750  548.8
 4491300  5320750  542.6
 4491350  5320750  547.9
 4491400  5320750  548.1
 4491450  5320750  547.9
 4491500  5320750  547.6
 4491550  5320750  546.6
 4491600  5320750  540.3
 4491650  5320750  538.1
 4490000  5320700  587.9
 4490050  5320700  592.0
 4490100  5320700  595.8
 4490150  5320700  602.1
 4490200  5320700  600.4
 4490250  5320700  596.5
 4490300  5320700  591.6
 4490350  5320700  582.0
 4490400  5320700  570.7
 4490450  5320700  562.2
 4490500  5320700  549.2
 4490550  5320700  534.0
 4490600  5320700  524.5
 4490650  5320700  520.2
 4490700  5320700  519.6
 4490750  5320700  521.7
 4490800  5320700  527.7
 4490850  5320700  535.7
 4490900  5320700  539.5
 4490950  5320700  545.6
 4491000  5320700  548.8
 4491050  5320700  547.8
 4491100  5320700  547.7
 4491150  5320700  545.6
 4491200  5320700  548.2
 4491250  5320700  548.8
 4491300  5320700  548.1
 4491350  5320700  548.4
 4491400  5320700  548.1
 4491450  5320700  548.4
 4491500  5320700  548.1
 4491550  5320700  546.0
 4491600  5320700  541.6
 4491650  5320700  542.4
 4490000  5320650  581.4
 4490050  5320650  586.8
 4490100  5320650  591.3
 4490150  5320650  597.3
 4490200  5320650  596.4
 4490250  5320650  593.6
 4490300  5320650  586.3
 4490350  5320650  583.8
 4490400  5320650  572.5
 4490450  5320650  555.9
 4490500  5320650  549.4
 4490550  5320650  533.9
 4490600  5320650  526.5
 4490650  5320650  522.1
 4490700  5320650  519.6
 4490750  5320650  521.7
 4490800  5320650  528.6
 4490850  5320650  540.1
 4490900  5320650  544.2
 4490950  5320650  543.6
 4491000  5320650  549.1
 4491050  5320650  548.1
 4491100  5320650  548.8
 4491150  5320650  547.3
 4491200  5320650  548.3
 4491250  5320650  547.1
 4491300  5320650  548.4
 4491350  5320650  548.4
 4491400  5320650  548.2
 4491450  5320650  548.3
 4491500  5320650  549.1
 4491550  5320650  545.9
 4491600  5320650  550.1
 4491650  5320650  550.1
 4490000  5320600  577.4
 4490050  5320600  580.2
 4490100  5320600  584.2
 4490150  5320600  590.1
 4490200  5320600  593.4
 4490250  5320600  587.7
 4490300  5320600  587.4
 4490350  5320600  583.8
 4490400  5320600  576.1
 4490450  5320600  558.8
 4490500  5320600  544.5
 4490550  5320600  534.7
 4490600  5320600  527.7
 4490650  5320600  522.8
 4490700  5320600  520.0
 4490750  5320600  521.8
 4490800  5320600  527.8
 4490850  5320600  540.1
 4490900  5320600  543.0
 4490950  5320600  546.7
 4491000  5320600  550.0
 4491050  5320600  549.6
 4491100  5320600  549.8
 4491150  5320600  549.4
 4491200  5320600  548.5
 4491250  5320600  546.4
 4491300  5320600  547.3
 4491350  5320600  548.3
 4491400  5320600  548.3
 4491450  5320600  548.1
 4491500  5320600  551.1
 4491550  5320600  550.6
 4491600  5320600  554.1
 4491650  5320600  548.7
 4490000  5320550  577.0
 4490050  5320550  582.5
 4490100  5320550  586.1
 4490150  5320550  584.5
 4490200  5320550  590.1
 4490250  5320550  591.3
 4490300  5320550  591.7
 4490350  5320550  586.2
 4490400  5320550  570.0
 4490450  5320550  556.1
 4490500  5320550  545.5
 4490550  5320550  537.2
 4490600  5320550  527.8
 4490650  5320550  522.4
 4490700  5320550  520.0
 4490750  5320550  521.4
 4490800  5320550  526.3
 4490850  5320550  540.1
 4490900  5320550  549.0
 4490950  5320550  550.8
 4491000  5320550  551.0
 4491050  5320550  550.9
 4491100  5320550  550.2
 4491150  5320550  548.4
 4491200  5320550  547.2
 4491250  5320550  548.7
 4491300  5320550  548.4
 4491350  5320550  549.1
 4491400  5320550  553.0
 4491450  5320550  554.4
 4491500  5320550  553.7
 4491550  5320550  554.3
 4491600  5320550  552.4
 4491650  5320550  557.0
 4490000  5320500  576.8
 4490050  5320500  577.3
 4490100  5320500  582.4
 4490150  5320500  586.8
 4490200  5320500  590.5
 4490250  5320500  595.0
 4490300  5320500  592.0
 4490350  5320500  584.2
 4490400  5320500  572.3
 4490450  5320500  560.0
 4490500  5320500  557.1
 4490550  5320500  549.1
 4490600  5320500  531.5
 4490650  5320500  523.1
 4490700  5320500  520.6
 4490750  5320500  520.3
 4490800  5320500  524.7
 4490850  5320500  535.9
 4490900  5320500  548.6
 4490950  5320500  551.1
 4491000  5320500  551.3
 4491050  5320500  550.0
 4491100  5320500  552.0
 4491150  5320500  552.8
 4491200  5320500  552.1
 4491250  5320500  550.8
 4491300  5320500  553.1
 4491350  5320500  553.4
 4491400  5320500  554.6
 4491450  5320500  553.9
 4491500  5320500  556.4
 4491550  5320500  557.0
 4491600  5320500  556.9
 4491650  5320500  558.6
 4490000  5320450  576.9
 4490050  5320450  576.7
 4490100  5320450  578.7
 4490150  5320450  582.5
 4490200  5320450  587.8
 4490250  5320450  593.2
 4490300  5320450  593.8
 4490350  5320450  587.3
 4490400  5320450  578.0
 4490450  5320450  567.5
 4490500  5320450  564.4
 4490550  5320450  554.3
 4490600  5320450  536.6
 4490650  5320450  528.4
 4490700  5320450  522.9
 4490750  5320450  520.9
 4490800  5320450  523.5
 4490850  5320450  529.6
 4490900  5320450  549.4
 4490950  5320450  550.8
 4491000  5320450  550.2
 4491050  5320450  552.7
 4491100  5320450  555.2
 4491150  5320450  555.8
 4491200  5320450  554.5
 4491250  5320450  549.6
 4491300  5320450  549.5
 4491350  5320450  549.4
 4491400  5320450  549.5
 4491450  5320450  554.3
 4491500  5320450  557.1
 4491550  5320450  557.7
 4491600  5320450  557.6
 4491650  5320450  555.7
 4490000  5320400  576.7
 4490050  5320400  576.6
 4490100  5320400  576.7
 4490150  5320400  577.5
 4490200  5320400  581.6
 4490250  5320400  593.1
 4490300  5320400  595.6
 4490350  5320400  594.0
 4490400  5320400  582.9
 4490450  5320400  578.4
 4490500  5320400  572.3
 4490550  5320400  556.7
 4490600  5320400  544.6
 4490650  5320400  533.1
 4490700  5320400  526.6
 4490750  5320400  521.3
 4490800  5320400  521.5
 4490850  5320400  528.1
 4490900  5320400  544.0
 4490950  5320400  551.2
 4491000  5320400  553.9
 4491050  5320400  554.8
 4491100  5320400  555.2
 4491150  5320400  556.2
 4491200  5320400  555.7
 4491250  5320400  550.3
 4491300  5320400  549.5
 4491350  5320400  549.4
 4491400  5320400  549.5
 4491450  5320400  554.5
 4491500  5320400  555.8
 4491550  5320400  557.9
 4491600  5320400  557.1
 4491650  5320400  557.4
 4490000  5320350  576.6
 4490050  5320350  576.6
 4490100  5320350  576.6
 4490150  5320350  576.8
 4490200  5320350  578.1
 4490250  5320350  590.3
 4490300  5320350  597.5
 4490350  5320350  598.5
 4490400  5320350  592.8
 4490450  5320350  585.4
 4490500  5320350  575.4
 4490550  5320350  568.4
 4490600  5320350  551.9
 4490650  5320350  538.9
 4490700  5320350  529.9
 4490750  5320350  524.3
 4490800  5320350  520.5
 4490850  5320350  525.1
 4490900  5320350  538.0
 4490950  5320350  553.1
 4491000  5320350  555.6
 4491050  5320350  555.5
 4491100  5320350  555.4
 4491150  5320350  555.7
 4491200  5320350  556.4
 4491250  5320350  554.4
 4491300  5320350  549.9
 4491350  5320350  549.4
 4491400  5320350  549.4
 4491450  5320350  551.7
 4491500  5320350  556.0
 4491550  5320350  557.5
 4491600  5320350  555.6
 4491650  5320350  555.2
 4490000  5320300  576.6
 4490050  5320300  576.6
 4490100  5320300  576.7
 4490150  5320300  577.4
 4490200  5320300  579.7
 4490250  5320300  585.8
 4490300  5320300  596.9
 4490350  5320300  596.7
 4490400  5320300  600.4
 4490450  5320300  586.5
 4490500  5320300  577.0
 4490550  5320300  561.5
 4490600  5320300  557.3
 4490650  5320300  544.5
 4490700  5320300  535.2
 4490750  5320300  528.5
 4490800  5320300  522.5
 4490850  5320300  522.7
 4490900  5320300  530.8
 4490950  5320300  551.8
 4491000  5320300  556.2
 4491050  5320300  555.8
 4491100  5320300  555.6
 4491150  5320300  555.9
 4491200  5320300  556.6
 4491250  5320300  556.0
 4491300  5320300  557.3
 4491350  5320300  556.4
 4491400  5320300  559.0
 4491450  5320300  555.2
 4491500  5320300  555.9
 4491550  5320300  556.9
 4491600  5320300  555.8
 4491650  5320300  553.6
 4490000  5320250  576.5
 4490050  5320250  576.5
 4490100  5320250  576.7
 4490150  5320250  576.8
 4490200  5320250  580.3
 4490250  5320250  581.1
 4490300  5320250  589.1
 4490350  5320250  593.4
 4490400  5320250  592.7
 4490450  5320250  589.3
 4490500  5320250  577.7
 4490550  5320250  572.2
 4490600  5320250  558.9
 4490650  5320250  548.5
 4490700  5320250  540.6
 4490750  5320250  530.9
 4490800  5320250  524.8
 4490850  5320250  521.6
 4490900  5320250  528.2
 4490950  5320250  546.9
 4491000  5320250  556.6
 4491050  5320250  555.9
 4491100  5320250  555.2
 4491150  5320250  556.8
 4491200  5320250  557.2
 4491250  5320250  557.4
 4491300  5320250  559.7
 4491350  5320250  559.7
 4491400  5320250  560.3
 4491450  5320250  559.3
 4491500  5320250  552.3
 4491550  5320250  557.9
 4491600  5320250  551.1
 4491650  5320250  553.0
 4490000  5320200  576.6
 4490050  5320200  576.6
 4490100  5320200  576.6
 4490150  5320200  578.3
 4490200  5320200  579.2
 4490250  5320200  578.5
 4490300  5320200  582.5
 4490350  5320200  586.6
 4490400  5320200  582.4
 4490450  5320200  591.5
 4490500  5320200  581.6
 4490550  5320200  575.6
 4490600  5320200  567.1
 4490650  5320200  559.3
 4490700  5320200  543.1
 4490750  5320200  535.6
 4490800  5320200  528.9
 4490850  5320200  523.1
 4490900  5320200  523.4
 4490950  5320200  538.1
 4491000  5320200  555.9
 4491050  5320200  555.6
 4491100  5320200  556.1
 4491150  5320200  558.1
 4491200  5320200  558.5
 4491250  5320200  560.8
 4491300  5320200  561.0
 4491350  5320200  560.4
 4491400  5320200  560.8
 4491450  5320200  560.1
 4491500  5320200  555.9
 4491550  5320200  553.7
 4491600  5320200  550.1
 4491650  5320200  557.1
